TXnid;RXnid;RSS;SNR;BER
2;3;-65.386945;38.613055;0.000021
2;1;-75.130384;28.869616;0.000194
2;3;-79.037043;24.962957;0.000478
2;1;-72.854750;31.145250;0.000115
2;3;-68.748605;35.251395;0.000045
2;3;-66.370861;37.629139;0.000026
2;1;-81.281117;22.718883;0.000800
2;3;-76.448582;27.551418;0.000263
2;1;-73.233889;30.766111;0.000126
3;2;-65.726171;38.273829;0.000022
2;3;-78.098061;25.901939;0.000385
2;3;-69.822610;34.177390;0.000057
2;1;-70.466867;33.533133;0.000066
2;3;-77.795786;26.204214;0.000359
2;1;-72.881135;31.118865;0.000116
3;2;-80.457226;23.542774;0.000662
2;3;-66.854876;37.145124;0.000029
2;3;-71.776802;32.223198;0.000090
2;1;-73.247988;30.752012;0.000126
2;3;-64.440037;39.559963;0.000017
2;1;-69.676854;34.323146;0.000055
2;3;-56.347536;47.652464;0.000003
3;2;-70.432213;33.567787;0.000066
2;3;-68.021188;35.978812;0.000038
2;1;-77.044652;26.955348;0.000302
2;3;-72.868069;31.131931;0.000116
2;1;-64.682167;39.317833;0.000018
3;2;-61.970939;42.029061;0.000009
2;3;-72.054036;31.945964;0.000096
2;3;-75.511841;28.488159;0.000212
2;1;-78.674693;25.325307;0.000440
2;3;-73.917357;30.082643;0.000147
2;1;-74.386363;29.613637;0.000164
3;2;-74.309890;29.690110;0.000161
2;3;-67.605123;36.394877;0.000034
2;3;-67.445319;36.554681;0.000033
2;1;-72.577990;31.422010;0.000108
2;3;-68.189940;35.810060;0.000039
2;1;-73.309396;30.690604;0.000128
2;3;-71.237250;32.762750;0.000079
3;2;-75.435785;28.564215;0.000209
2;3;-68.429021;35.570979;0.000042
2;1;-71.775010;32.224990;0.000090
2;3;-71.935462;32.064538;0.000093
2;1;-73.582536;30.417464;0.000136
2;3;-74.259548;29.740452;0.000159
3;2;-70.937538;33.062462;0.000074
2;3;-83.868943;20.131057;0.000305
2;1;-77.084171;26.915829;0.000305
2;3;-61.440158;42.559842;0.000008
2;1;-78.617963;25.382037;0.000434
2;3;-63.987770;40.012230;0.000015
3;2;-75.286293;28.713707;0.000202
2;3;-65.764485;38.235515;0.000023
2;1;-72.696757;31.303243;0.000111
2;3;-63.870934;40.129066;0.000015
2;1;-68.641263;35.358737;0.000044
2;3;-65.302133;38.697867;0.000020
3;2;-61.727249;42.272751;0.000009
2;3;-68.636925;35.363075;0.000044
2;1;-72.660634;31.339366;0.000110
2;3;-59.710841;44.289159;0.000006
2;1;-75.870821;28.129179;0.000231
3;2;-65.087431;38.912569;0.000019
2;3;-61.404505;42.595495;0.000008
2;3;-68.796411;35.203589;0.000045
2;1;-72.608724;31.391276;0.000109
2;3;-66.135547;37.864453;0.000025
2;1;-79.769741;24.230259;0.000565
2;3;-61.569503;42.430497;0.000009
3;2;-73.473387;30.526613;0.000133
2;3;-61.394327;42.605673;0.000008
2;1;-71.981966;32.018034;0.000094
2;3;-64.923432;39.076568;0.000019
2;1;-68.909334;35.090666;0.000046
2;3;-63.335836;40.664164;0.000013
3;2;-70.427684;33.572316;0.000066
2;3;-71.664305;32.335695;0.000088
2;1;-79.485582;24.514418;0.000530
2;3;-68.614275;35.385725;0.000043
2;1;-71.806176;32.193824;0.000090
3;2;-58.960758;45.039242;0.000005
2;3;-64.503085;39.496915;0.000017
2;3;-60.908102;43.091898;0.000007
2;1;-68.371121;35.628879;0.000041
2;3;-62.412264;41.587736;0.000010
2;1;-72.460589;31.539411;0.000105
2;3;-67.510908;36.489092;0.000034
3;2;-66.638555;37.361445;0.000028
2;3;-72.131874;31.868126;0.000098
2;1;-75.640466;28.359534;0.000219
2;3;-68.902693;35.097307;0.000046
2;1;-76.983808;27.016192;0.000298
2;3;-74.120276;29.879724;0.000154
3;2;-74.381549;29.618451;0.000164
2;3;-65.135719;38.864281;0.000019
2;1;-73.066711;30.933289;0.000121
2;3;-70.125916;33.874084;0.000061
2;1;-80.663478;23.336522;0.000694
2;3;-66.554510;37.445490;0.000027
3;2;-64.310884;39.689116;0.000016
2;3;-63.181078;40.818922;0.000012
2;1;-74.913379;29.086621;0.000185
2;3;-66.595709;37.404291;0.000027
2;1;-76.685082;27.314918;0.000278
2;3;-71.610374;32.389626;0.000086
3;2;-61.896420;42.103580;0.000009
2;3;-63.934629;40.065371;0.000015
2;1;-67.534370;36.465630;0.000034
2;3;-57.200960;46.799040;0.000003
2;1;-73.393238;30.606762;0.000130
2;3;-68.717355;35.282645;0.000044
3;2;-72.894148;31.105852;0.000116
2;3;-65.887467;38.112533;0.000023
2;1;-77.781814;26.218186;0.000358
2;3;-66.034371;37.965629;0.000024
2;1;-70.689997;33.310003;0.000070
2;3;-62.905434;41.094566;0.000012
3;2;-72.815029;31.184971;0.000114
2;3;-75.853426;28.146574;0.000230
2;1;-73.053276;30.946724;0.000121
2;3;-65.433989;38.566011;0.000021 
2;1;-68.217250;35.782750;0.000040
2;3;-77.978135;26.021865;0.000374
3;2;-66.811433;37.188567;0.000029
2;3;-68.256687;35.743313;0.000040
2;1;-69.398493;34.601507;0.000052
2;3;-68.818680;35.181320;0.000045
2;1;-69.894937;34.105063;0.000058
2;3;-67.099473;36.900527;0.000031
3;2;-68.621459;35.378541;0.000043
2;3;-65.659238;38.340762;0.000022
2;1;-65.926183;38.073817;0.000023
2;3;-67.377191;36.622809;0.000033
2;1;-71.737501;32.262499;0.000089
3;2;-70.852087;33.147913;0.000073
2;3;-64.911816;39.088184;0.000019
2;3;-74.662110;29.337890;0.000175
2;1;-76.962841;27.037159;0.000296
2;3;-67.576194;36.423806;0.000034
2;1;-74.848200;29.151800;0.000182
3;2;-72.492826;31.507174;0.000106
2;3;-61.217374;42.782626;0.000008
2;3;-62.464937;41.535063;0.000011
2;1;-73.638398;30.361602;0.000138
2;3;-68.596824;35.403176;0.000043
2;1;-74.799796;29.200204;0.000180
2;3;-67.459995;36.540005;0.000033
3;2;-63.675908;40.324092;0.000014
2;3;-64.159070;39.840930;0.000016
2;1;-74.821703;29.178297;0.000181
2;3;-71.000779;32.999221;0.000075
2;1;-75.739505;28.260495;0.000224
3;2;-65.263860;38.736140;0.000020
2;3;-64.231215;39.768785;0.000016
2;3;-59.024725;44.975275;0.000005
2;1;-66.755819;37.244181;0.000028
2;3;-67.425146;36.574854;0.000033
2;1;-78.290217;25.709783;0.000402
2;3;-64.799153;39.200847;0.000018
3;2;-66.098237;37.901763;0.000024
2;3;-62.488559;41.511441;0.000011
2;1;-77.534406;26.465594;0.000338
2;3;-84.680129;19.319871;0.000040
2;1;-68.262738;35.737262;0.000040
3;2;-61.625412;42.374588;0.000009
2;3;-70.897439;33.102561;0.000073
2;3;-63.261424;40.738576;0.000013
2;1;-69.634042;34.365958;0.000055
2;3;-61.146582;42.853418;0.000008
2;1;-76.020802;27.979198;0.000239
3;2;-65.624699;38.375301;0.000022
2;3;-65.433495;38.566505;0.000021
2;3;-67.394715;36.605285;0.000033
2;1;-73.845940;30.154060;0.000145
2;3;-60.424560;43.575440;0.000007
2;1;-71.479269;32.520731;0.000084
2;3;-60.290455;43.709545;0.000006
3;2;-75.399864;28.600136;0.000207
2;3;-67.365639;36.634361;0.000033
2;1;-62.974641;41.025359;0.000012
2;3;-69.868680;34.131320;0.000058
2;1;-71.320115;32.679885;0.000081
3;2;-66.017520;37.982480;0.000024
2;3;-69.104469;34.895531;0.000049
2;3;-65.264108;38.735892;0.000020
2;1;-78.144809;25.855191;0.000389
2;3;-65.817829;38.182171;0.000023
2;1;-74.866456;29.133544;0.000183
2;3;-65.669006;38.330994;0.000022
3;2;-66.903009;37.096991;0.000029
2;3;-68.396697;35.603303;0.000041
2;1;-81.792594;22.207406;0.000900
2;3;-62.769614;41.230386;0.000011
2;1;-76.868191;27.131809;0.000290
2;3;-69.763645;34.236355;0.000057
3;2;-69.932887;34.067113;0.000059
2;3;-57.275220;46.724780;0.000003
2;1;-66.622505;37.377495;0.000027
2;3;-64.730134;39.269866;0.000018
2;1;-73.424850;30.575150;0.000131
2;3;-64.483696;39.516304;0.000017
3;2;-71.912888;32.087112;0.000093
2;3;-67.673353;36.326647;0.000035
2;1;-65.270785;38.729215;0.000020
2;3;-65.956115;38.043885;0.000024
2;1;-70.063732;33.936268;0.000061
2;3;-71.325946;32.674054;0.000081
3;2;-70.347231;33.652769;0.000065
2;3;-62.098880;41.901120;0.000010
2;1;-70.688274;33.311726;0.000070
2;3;-62.682494;41.317506;0.000011
2;1;-68.131788;35.868212;0.000039
2;3;-65.600498;38.399502;0.000022
3;2;-64.687566;39.312434;0.000018
2;3;-67.753958;36.246042;0.000036
2;1;-71.684504;32.315496;0.000088
2;3;-65.202228;38.797772;0.000020
2;1;-75.940166;28.059834;0.000234
3;2;-63.987350;40.012650;0.000015
2;3;-70.775484;33.224516;0.000071
2;3;-66.405954;37.594046;0.000026
2;1;-79.631376;24.368624;0.000548
2;3;-78.392726;25.607274;0.000412
2;1;-87.676689;16.323311;0.000412
2;3;-65.451782;38.548218;0.000021
3;2;-71.345616;32.654384;0.000081
2;3;-69.636984;34.363016;0.000055
2;1;-77.380862;26.619138;0.000326
2;3;-64.382653;39.617347;0.000016
2;1;-67.058648;36.941352;0.000030
2;3;-66.589054;37.410946;0.000027
3;2;-64.373604;39.626396;0.000016
2;3;-70.286911;33.713089;0.000064
2;1;-66.911875;37.088125;0.000029
2;3;-65.612361;38.387639;0.000022
2;1;-78.674646;25.325354;0.000440
2;3;-75.011640;28.988360;0.000189
3;2;-64.948782;39.051218;0.000019
2;3;-65.058725;38.941275;0.000019
2;1;-68.758889;35.241111;0.000045
2;3;-67.483311;36.516689;0.000033
2;1;-75.718309;28.281691;0.000223
2;3;-66.685470;37.314530;0.000028
3;2;-70.477329;33.522671;0.000067
2;3;-65.194523;38.805477;0.000020
2;1;-78.257533;25.742467;0.000399
2;3;-67.408680;36.591320;0.000033
2;1;-67.867738;36.132262;0.000037
2;3;-75.767702;28.232298;0.000225
3;2;-75.464966;28.535034;0.000210
2;3;-61.733016;42.266984;0.000009
2;1;-71.002824;32.997176;0.000075
2;3;-65.405371;38.594629;0.000021
2;1;-64.899201;39.100799;0.000018
2;3;-76.228508;27.771492;0.000250
3;2;-58.942928;45.057072;0.000005
2;3;-70.570870;33.429130;0.000068
2;1;-71.463508;32.536492;0.000084
2;3;-58.655160;45.344840;0.000004
2;1;-73.606927;30.393073;0.000137
3;2;-71.808535;32.191465;0.000091
2;3;-70.006118;33.993882;0.000060
2;3;-64.055051;39.944949;0.000015
2;1;-69.959432;34.040568;0.000059
2;3;-67.437131;36.562869;0.000033
2;1;-72.069521;31.930479;0.000096
2;3;-64.178099;39.821901;0.000016
3;2;-56.292945;47.707055;0.000003
2;3;-71.029078;32.970922;0.000076
2;1;-65.991201;38.008799;0.000024
2;3;-68.565603;35.434397;0.000043
2;1;-70.152700;33.847300;0.000062
2;3;-68.642232;35.357768;0.000044
3;2;-67.664989;36.335011;0.000035
2;3;-69.862132;34.137868;0.000058
2;1;-73.432421;30.567579;0.000132
2;3;-62.767024;41.232976;0.000011
2;1;-63.953713;40.046287;0.000015
3;2;-61.784078;42.215922;0.000009
2;3;-65.250554;38.749446;0.000020
2;3;-68.247733;35.752267;0.000040
2;1;-86.483870;17.516130;0.000040
2;3;-58.431320;45.568680;0.000004
2;1;-74.746192;29.253808;0.000178
2;3;-75.681327;28.318673;0.000221
3;2;-64.070191;39.929809;0.000015
2;3;-69.269113;34.730887;0.000050
2;1;-69.672164;34.327836;0.000055
2;3;-73.206101;30.793899;0.000125
2;1;-76.270367;27.729633;0.000253
2;3;-67.421995;36.578005;0.000033
3;2;-86.665648;17.334352;0.000033
2;3;-61.377095;42.622905;0.000008
2;1;-71.994297;32.005703;0.000094
2;3;-63.995233;40.004767;0.000015
2;1;-70.704103;33.295897;0.000070
2;3;-65.557331;38.442669;0.000021
3;2;-66.277505;37.722495;0.000025
2;3;-69.778050;34.221950;0.000057
2;1;-67.376171;36.623829;0.000033
2;3;-59.455287;44.544713;0.000005
2;1;-72.888432;31.111568;0.000116
2;3;-69.876905;34.123095;0.000058
3;2;-69.635730;34.364270;0.000055
2;3;-65.390706;38.609294;0.000021
2;1;-66.598150;37.401850;0.000027
2;3;-64.574003;39.425997;0.000017
2;1;-80.608249;23.391751;0.000686
2;3;-62.358660;41.641340;0.000010
3;2;-67.903015;36.096985;0.000037
2;3;-61.029856;42.970144;0.000008
2;1;-70.706836;33.293164;0.000070
2;3;-74.948834;29.051166;0.000187
2;1;-75.125207;28.874793;0.000194
3;2;-70.099547;33.900453;0.000061
2;3;-76.154471;27.845529;0.000246
2;3;-66.654565;37.345435;0.000028
2;1;-69.965251;34.034749;0.000059
2;3;-68.898383;35.101617;0.000046
2;1;-68.560837;35.439163;0.000043
3;2;-66.053991;37.946009;0.000024
2;3;-69.244477;34.755523;0.000050
2;3;-81.292083;22.707917;0.000802
2;1;-69.216546;34.783454;0.000050
2;3;-63.586176;40.413824;0.000014
2;1;-73.181897;30.818103;0.000124
2;3;-62.937465;41.062535;0.000012
3;2;-75.955782;28.044218;0.000235
2;3;-67.249381;36.750619;0.000032
2;1;-78.492787;25.507213;0.000422
2;3;-69.322071;34.677929;0.000051
2;1;-66.462040;37.537960;0.000026
3;2;-63.212273;40.787727;0.000013
2;3;-67.739700;36.260300;0.000035
2;3;-67.889184;36.110816;0.000037
2;1;-61.153377;42.846623;0.000008
2;3;-60.423166;43.576834;0.000007
2;1;-71.805991;32.194009;0.000090
3;2;-77.353992;26.646008;0.000324
2;3;-75.546033;28.453967;0.000214
2;3;-64.134434;39.865566;0.000015
2;1;-68.662984;35.337016;0.000044
2;3;-66.908044;37.091956;0.000029
2;1;-64.023857;39.976143;0.000015
3;2;-65.636521;38.363479;0.000022
2;3;-66.044119;37.955881;0.000024
2;3;-67.352858;36.647142;0.000032
2;1;-67.220285;36.779715;0.000031
2;3;-58.509538;45.490462;0.000004
2;1;-66.702638;37.297362;0.000028
3;2;-69.083187;34.916813;0.000048
2;3;-64.055198;39.944802;0.000015
2;3;-74.015393;29.984607;0.000150
2;1;-67.284933;36.715067;0.000032
2;3;-58.878648;45.121352;0.000005
2;1;-74.048608;29.951392;0.000152
3;2;-61.757921;42.242079;0.000009
2;3;-69.069685;34.930315;0.000048
2;3;-69.188704;34.811296;0.000050
2;1;-73.572668;30.427332;0.000136
2;3;-68.057377;35.942623;0.000038
2;1;-75.045916;28.954084;0.000191
2;3;-66.711954;37.288046;0.000028
3;2;-58.335614;45.664386;0.000004
2;3;-65.638104;38.361896;0.000022
2;1;-74.388753;29.611247;0.000164
2;3;-72.780288;31.219712;0.000113
2;1;-67.117592;36.882408;0.000031
3;2;-59.199978;44.800022;0.000005
2;3;-69.833343;34.166657;0.000057
2;3;-71.314729;32.685271;0.000081
2;1;-69.798874;34.201126;0.000057
2;3;-62.176971;41.823029;0.000010
2;1;-79.578757;24.421243;0.000541
3;2;-60.730429;43.269571;0.000007
2;3;-57.137226;46.862774;0.000003
2;3;-69.112411;34.887589;0.000049
2;1;-87.369438;16.630562;0.000049
2;3;-62.563493;41.436507;0.000011
2;1;-75.574130;28.425870;0.000215
2;3;-70.021197;33.978803;0.000060
3;2;-68.122172;35.877828;0.000039
2;3;-59.931814;44.068186;0.000006
2;1;-71.801268;32.198732;0.000090
2;3;-63.819733;40.180267;0.000014
2;1;-77.153993;26.846007;0.000310
2;3;-63.228859;40.771141;0.000013
3;2;-66.971497;37.028503;0.000030
2;3;-65.679923;38.320077;0.000022
2;1;-78.447056;25.552944;0.000417
2;3;-64.147752;39.852248;0.000016
2;1;-65.874323;38.125677;0.000023
3;2;-61.457307;42.542693;0.000008
2;3;-70.527144;33.472856;0.000067
2;3;-66.975075;37.024925;0.000030
2;1;-77.064254;26.935746;0.000303
2;3;-71.660212;32.339788;0.000087
2;1;-73.546702;30.453298;0.000135
3;2;-65.886806;38.113194;0.000023
2;3;-73.583262;30.416738;0.000136
2;3;-74.253905;29.746095;0.000159
2;1;-70.292303;33.707697;0.000064
2;3;-65.467315;38.532685;0.000021
2;1;-69.205316;34.794684;0.000050
2;3;-62.471697;41.528303;0.000011
3;2;-60.210674;43.789326;0.000006
2;3;-57.455794;46.544206;0.000003
2;1;-76.719166;27.280834;0.000280
2;3;-78.112788;25.887212;0.000386
2;1;-81.421929;22.578071;0.000826
3;2;-60.318286;43.681714;0.000006
2;3;-64.004247;39.995753;0.000015
2;3;-68.449591;35.550409;0.000042
2;1;-76.461380;27.538620;0.000264
2;3;-63.178838;40.821162;0.000012
2;1;-72.533938;31.466062;0.000107
2;3;-66.740108;37.259892;0.000028
3;2;-60.687133;43.312867;0.000007
2;3;-63.692163;40.307837;0.000014
2;1;-74.268568;29.731432;0.000159
2;3;-58.248542;45.751458;0.000004
2;1;-76.581872;27.418128;0.000272
2;3;-62.839856;41.160144;0.000011
3;2;-65.444012;38.555988;0.000021
2;3;-68.576776;35.423224;0.000043
2;1;-65.379952;38.620048;0.000021
2;3;-60.942126;43.057874;0.000007
2;1;-73.695102;30.304898;0.000140
3;2;-63.310970;40.689030;0.000013
2;3;-76.110398;27.889602;0.000244
2;3;-66.066584;37.933416;0.000024
2;1;-71.738097;32.261903;0.000089
2;3;-61.494830;42.505170;0.000008
2;1;-70.327299;33.672701;0.000064
3;2;-63.161077;40.838923;0.000012
2;3;-64.353993;39.646007;0.000016
2;3;-61.945331;42.054669;0.000009
2;1;-76.476696;27.523304;0.000265
2;3;-67.703973;36.296027;0.000035
2;1;-70.251368;33.748632;0.000063
3;2;-63.818311;40.181689;0.000014
2;3;-78.724504;25.275496;0.000445
2;3;-59.551583;44.448417;0.000005
2;1;-73.264876;30.735124;0.000127
2;3;-59.325212;44.674788;0.000005
2;1;-73.889587;30.110413;0.000146
3;2;-65.872421;38.127579;0.000023
2;3;-60.563874;43.436126;0.000007
2;3;-61.321433;42.678567;0.000008
2;1;-72.114282;31.885718;0.000097
2;3;-62.513039;41.486961;0.000097
2;1;-83.096848;20.903152;0.000011
2;3;-67.457220;36.542780;0.000033
3;2;-72.788885;31.211115;0.000113
2;3;-62.763759;41.236241;0.000011
2;1;-67.725000;36.275000;0.000035
2;3;-61.681496;42.318504;0.000009
2;1;-67.090663;36.909337;0.000031
3;2;-61.190600;42.809400;0.000008
2;3;-74.399542;29.600458;0.000164
2;3;-67.079652;36.920348;0.000030
2;1;-72.961068;31.038932;0.000118
2;3;-59.539659;44.460341;0.000005
2;1;-75.378893;28.621107;0.000206
2;3;-61.126815;42.873185;0.000008
3;2;-61.141064;42.858936;0.000008
2;3;-70.863266;33.136734;0.000073
2;1;-68.893079;35.106921;0.000046
2;3;-72.498206;31.501794;0.000106
2;1;-67.002895;36.997105;0.000030
2;3;-68.365930;35.634070;0.000041
3;2;-63.072354;40.927646;0.000012
2;3;-57.444781;46.555219;0.000003
2;1;-76.085831;27.914169;0.000242
2;3;-68.408883;35.591117;0.000041
2;1;-69.268361;34.731639;0.000050
2;3;-57.896165;46.103835;0.000004
3;2;-67.116210;36.883790;0.000031
2;3;-59.683942;44.316058;0.000006
2;1;-79.002145;24.997855;0.000474
2;3;-65.710765;38.289235;0.000022
2;1;-67.472086;36.527914;0.000033
3;2;-70.838182;33.161818;0.000072
2;3;-63.337870;40.662130;0.000013
2;3;-64.651108;39.348892;0.000017
2;1;-75.844322;28.155678;0.000229
2;3;-73.335234;30.664766;0.000129
2;1;-80.274080;23.725920;0.000635
3;2;-64.514399;39.485601;0.000017
2;3;-60.105745;43.894255;0.000006
2;3;-66.729935;37.270065;0.000028
2;1;-70.706087;33.293913;0.000070
2;3;-64.852165;39.147835;0.000018
2;1;-71.714523;32.285477;0.000089
3;2;-61.332237;42.667763;0.000008
2;3;-69.422000;34.578000;0.000052
2;3;-70.230521;33.769479;0.000063
2;1;-64.111242;39.888758;0.000015
2;3;-55.899901;48.100099;0.000002
2;1;-70.231778;33.768222;0.000063
2;3;-64.448845;39.551155;0.000017
3;2;-68.621891;35.378109;0.000043
2;3;-59.497416;44.502584;0.000005
2;1;-79.529608;24.470392;0.000535
2;3;-68.891348;35.108652;0.000046
2;1;-80.061815;23.938185;0.000605
3;2;-68.134609;35.865391;0.000039
2;3;-69.796170;34.203830;0.000057
2;3;-65.449031;38.550969;0.000021
2;1;-73.479136;30.520864;0.000133
2;3;-59.752648;44.247352;0.000006
2;1;-71.340893;32.659107;0.000081
2;3;-66.137695;37.862305;0.000006
3;2;-69.465376;34.534624;0.000256
2;3;-59.730057;44.269943;0.000006
2;1;-76.330676;27.669324;0.000256
2;3;-69.150523;34.849477;0.000049
2;1;-70.299206;33.700794;0.000064
2;3;-57.453238;46.546762;0.000003
3;2;-62.083131;41.916869;0.000010
2;3;-67.874491;36.125509;0.000037
2;1;-71.489014;32.510986;0.000084
2;3;-61.248488;42.751512;0.000008
2;1;-78.759126;25.240874;0.000448
2;3;-59.334635;44.665365;0.000013
3;2;-81.009404;22.990596;0.000716
2;3;-63.330442;40.669558;0.000013
2;1;-80.797145;23.202855;0.000716
2;3;-66.932927;37.067073;0.000029
2;1;-69.669763;34.330237;0.000055
2;3;-76.057200;27.942800;0.000241
3;2;-66.068029;37.931971;0.000024
2;3;-63.257948;40.742052;0.000013
2;1;-73.201373;30.798627;0.000125
2;3;-72.691680;31.308320;0.000111
2;1;-69.392292;34.607708;0.000052
3;2;-65.931973;38.068027;0.000023
2;3;-56.557123;47.442877;0.000003
2;3;-66.760477;37.239523;0.000028
2;1;-69.527566;34.472434;0.000054
2;3;-66.545563;37.454437;0.000027
2;1;-65.855491;38.144509;0.000023
2;3;-66.395956;37.604044;0.000026
3;2;-68.657808;35.342192;0.000044
2;3;-65.707358;38.292642;0.000022
2;1;-84.732938;19.267062;0.000022
2;3;-58.784973;45.215027;0.000005
2;1;-71.228139;32.771861;0.000079
2;3;-69.220952;34.779048;0.000050
3;2;-52.719577;51.280423;0.000001
2;3;-68.506122;35.493878;0.000042
2;1;-74.402242;29.597758;0.000164
2;3;-61.418308;42.581692;0.000008
2;1;-83.319139;20.680861;0.000008
2;3;-69.228662;34.771338;0.000050
3;2;-66.279946;37.720054;0.000025
2;3;-63.905571;40.094429;0.000015
2;1;-71.884247;32.115753;0.000092
2;3;-60.149159;43.850841;0.000006
2;1;-83.801856;20.198144;0.000006
2;3;-57.408935;46.591065;0.000003
3;2;-60.725448;43.274552;0.000007
2;3;-75.011541;28.988459;0.000189
2;1;-69.832665;34.167335;0.000057
2;3;-61.754674;42.245326;0.000009
2;1;-71.615308;32.384692;0.000087
2;3;-69.748813;34.251187;0.000056
3;2;-61.773697;42.226303;0.000009
2;3;-66.249788;37.750212;0.000025
2;1;-69.902129;34.097871;0.000058
2;3;-62.472768;41.527232;0.000011
2;1;-80.725578;23.274422;0.000704
3;2;-78.979907;25.020093;0.000471
2;3;-63.221484;40.778516;0.000013
2;3;-66.300052;37.699948;0.000025
2;1;-70.100951;33.899049;0.000061
2;3;-69.156890;34.843110;0.000049
2;1;-72.980512;31.019488;0.000119
2;3;-78.380408;25.619592;0.000411
3;2;-67.811748;36.188252;0.000036
2;3;-56.680165;47.319835;0.000003
2;1;-81.492802;22.507198;0.000840
2;3;-69.233711;34.766289;0.000050
2;1;-80.135294;23.864706;0.000615
2;3;-63.143582;40.856418;0.000012
3;2;-56.294537;47.705463;0.000003
2;3;-62.230945;41.769055;0.000010
2;1;-74.548520;29.451480;0.000170
2;3;-69.711165;34.288835;0.000056
2;1;-67.380199;36.619801;0.000033
3;2;-74.082769;29.917231;0.000153
2;3;-63.192368;40.807632;0.000012
2;3;-74.465651;29.534349;0.000167
2;1;-84.165767;19.834233;0.000167
2;3;-62.348659;41.651341;0.000010
2;1;-77.817167;26.182833;0.000361
2;3;-61.801547;42.198453;0.000009
3;2;-64.547720;39.452280;0.000017
2;3;-65.405741;38.594259;0.000021
2;1;-78.354323;25.645677;0.000408
2;3;-62.636356;41.363644;0.000011
2;1;-69.700247;34.299753;0.000056
2;3;-74.544900;29.455100;0.000170
3;2;-76.933071;27.066929;0.000294
2;3;-65.669910;38.330090;0.000022
2;1;-69.089734;34.910266;0.000048
2;3;-72.045390;31.954610;0.000096
2;1;-72.580369;31.419631;0.000108
2;3;-63.906982;40.093018;0.000003
3;2;-60.817195;43.182805;0.000038
2;3;-57.063947;46.936053;0.000003
2;1;-68.091315;35.908685;0.000038
2;3;-65.249308;38.750692;0.000020
2;1;-79.071406;24.928594;0.000482
2;3;-62.970214;41.029786;0.000012
3;2;-69.753802;34.246198;0.000056
2;3;-60.520535;43.479465;0.000007
2;1;-66.081766;37.918234;0.000024
2;3;-60.837460;43.162540;0.000007
2;1;-66.822311;37.177689;0.000029
3;2;-65.695780;38.304220;0.000022
2;3;-62.708287;41.291713;0.000011
2;3;-52.933664;51.066336;0.000001
2;1;-75.491623;28.508377;0.000211
2;3;-65.066976;38.933024;0.000019
2;1;-70.357757;33.642243;0.000065
3;2;-71.703276;32.296724;0.000088
2;3;-60.794348;43.205652;0.000007
2;3;-66.836968;37.163032;0.000029
2;1;-72.276439;31.723561;0.000101
2;3;-66.265983;37.734017;0.000025
2;1;-70.982103;33.017897;0.000075
3;2;-64.557752;39.442248;0.000017
2;3;-68.519454;35.480546;0.000042
2;3;-60.657941;43.342059;0.000007
2;1;-72.516927;31.483073;0.000107
2;3;-60.252096;43.747904;0.000006
2;1;-68.797093;35.202907;0.000045
2;3;-59.145739;44.854261;0.000005
3;2;-68.327422;35.672578;0.000041
2;3;-68.033907;35.966093;0.000038
2;1;-81.271527;22.728473;0.000798
2;3;-62.114815;41.885185;0.000010
2;1;-73.806327;30.193673;0.000143
3;2;-67.510570;36.489430;0.000034
2;3;-66.441994;37.558006;0.000026
2;3;-61.978753;42.021247;0.000009
2;1;-66.855691;37.144309;0.000029
2;3;-63.532206;40.467794;0.000013
2;1;-78.090510;25.909490;0.000384
3;2;-67.705015;36.294985;0.000035
2;3;-58.780770;45.219230;0.000005
2;3;-66.548003;37.451997;0.000027
2;1;-75.484685;28.515315;0.000211
2;3;-59.096848;44.903152;0.000005
2;1;-70.611519;33.388481;0.000069
3;2;-62.051928;41.948072;0.000010
2;3;-62.058170;41.941830;0.000010
2;3;-60.647615;43.352385;0.000007
2;1;-75.174110;28.825890;0.000196
2;3;-64.799343;39.200657;0.000018
2;1;-73.864652;30.135348;0.000145
2;3;-65.611549;38.388451;0.000022
3;2;-64.847559;39.152441;0.000018
2;3;-70.796249;33.203751;0.000072
2;1;-75.023562;28.976438;0.000190
2;3;-59.287452;44.712548;0.000005
2;1;-78.336285;25.663715;0.000407
3;2;-71.674646;32.325354;0.000088
2;3;-69.197119;34.802881;0.000050
2;3;-62.697659;41.302341;0.000011
2;1;-72.135927;31.864073;0.000098
2;3;-60.884928;43.115072;0.000007
2;1;-70.006128;33.993872;0.000060
3;2;-58.228043;45.771957;0.000004
2;3;-70.945472;33.054528;0.000074
2;3;-63.723762;40.276238;0.000014
2;1;-69.040184;34.959816;0.000048
2;3;-68.872964;35.127036;0.000046
2;1;-75.385546;28.614454;0.000206
3;2;-59.637389;44.362611;0.000005
2;3;-71.742311;32.257689;0.000089
2;3;-60.419054;43.580946;0.000007
2;1;-73.384140;30.615860;0.000130
2;3;-64.024373;39.975627;0.000015
2;1;-79.505913;24.494087;0.000532
3;2;-62.616609;41.383391;0.000011
2;3;-64.094198;39.905802;0.000015
2;3;-66.799922;37.200078;0.000029
2;1;-73.632064;30.367936;0.000138
2;3;-71.756140;32.243860;0.000089
2;1;-72.913578;31.086422;0.000117
2;3;-69.517923;34.482077;0.000053
3;2;-64.976521;39.023479;0.000019
2;3;-77.283682;26.716318;0.000319
2;1;-77.159906;26.840094;0.000310
2;3;-71.847479;32.152521;0.000091
2;1;-67.265627;36.734373;0.000032
2;3;-73.461338;30.538662;0.000132
3;2;-61.286835;42.713165;0.000008
2;3;-69.132352;34.867648;0.000049
2;1;-74.975290;29.024710;0.000188
2;3;-70.367870;33.632130;0.000065
2;1;-72.188840;31.811160;0.000099
3;2;-58.513740;45.486260;0.000004
2;3;-68.719400;35.280600;0.000044
2;3;-60.548159;43.451841;0.000007
2;1;-74.849892;29.150108;0.000182
2;3;-64.980388;39.019612;0.000019
2;1;-74.629746;29.370254;0.000173
3;2;-71.379992;32.620008;0.000082
2;3;-63.461532;40.538468;0.000013
2;3;-61.792957;42.207043;0.000009
2;1;-72.984815;31.015185;0.000119
2;3;-77.367365;26.632635;0.000325
2;1;-65.023538;38.976462;0.000019
2;3;-70.531137;33.468863;0.000067
3;2;-68.288327;35.711673;0.000040
2;3;-67.745705;36.254295;0.000036
2;1;-74.598839;29.401161;0.000172
2;3;-63.581013;40.418987;0.000014
2;1;-71.800286;32.199714;0.000090
3;2;-63.695931;40.304069;0.000014
2;3;-61.874020;42.125980;0.000009
2;3;-63.092170;40.907830;0.000012
2;1;-78.970894;25.029106;0.000471
2;3;-73.608796;30.391204;0.000137
2;1;-81.059638;22.940362;0.000760
2;3;-65.615665;38.384335;0.000022
3;2;-67.632480;36.367520;0.000035
2;3;-65.158542;38.841458;0.000020
2;1;-69.993062;34.006938;0.000060
2;3;-62.310827;41.689173;0.000010
2;1;-71.673010;32.326990;0.000088
2;3;-72.719066;31.280934;0.000112
3;2;-61.438698;42.561302;0.000008
2;3;-66.180758;37.819242;0.000025
2;1;-70.393625;33.606375;0.000065
2;3;-61.335429;42.664571;0.000008
2;1;-81.103097;22.896903;0.000768
3;2;-63.330433;40.669567;0.000013
2;3;-75.693410;28.306590;0.000221
2;3;-64.865096;39.134904;0.000018
2;1;-77.117324;26.882676;0.000307
2;3;-72.679884;31.320116;0.000111
2;1;-68.882563;35.117437;0.000046
3;2;-70.912954;33.087046;0.000074
2;3;-59.275250;44.724750;0.000005
2;3;-70.864308;33.135692;0.000073
2;1;-69.801299;34.198701;0.000057
2;3;-81.503361;22.496639;0.000842
2;1;-78.289468;25.710532;0.000402
2;3;-70.831189;33.168811;0.000072
3;2;-64.461980;39.538020;0.000017
2;3;-60.504131;43.495869;0.000007
2;1;-75.888186;28.111814;0.000232
2;3;-59.444500;44.555500;0.000005
2;1;-68.628907;35.371093;0.000044
3;2;-64.854574;39.145426;0.000018
2;3;-72.031306;31.968694;0.000095
2;3;-72.464347;31.535653;0.000105
2;1;-70.736448;33.263552;0.000071
2;3;-74.340001;29.659999;0.000162
2;1;-79.721519;24.278481;0.000559
3;2;-70.154518;33.845482;0.000062
2;3;-67.361919;36.638081;0.000033
2;3;-61.490667;42.509333;0.000008
2;1;-69.704967;34.295033;0.000056
2;3;-61.645263;42.354737;0.000009
2;1;-77.636135;26.363865;0.000346
3;2;-68.821408;35.178592;0.000046
2;3;-67.424532;36.575468;0.000033
2;3;-67.920649;36.079351;0.000037
2;1;-70.869287;33.130713;0.000073
2;3;-61.010574;42.989426;0.000008
2;1;-74.950850;29.049150;0.000187
3;2;-66.381203;37.618797;0.000026
2;3;-66.360222;37.639778;0.000026
2;3;-74.937020;29.062980;0.000186
2;1;-75.458401;28.541599;0.000210
2;3;-69.994973;34.005027;0.000060
2;1;-67.747645;36.252355;0.000036
2;3;-76.504038;27.495962;0.000267
3;2;-69.735192;34.264808;0.000056
2;3;-73.174526;30.825474;0.000124
2;1;-76.543894;27.456106;0.000269
2;3;-72.243123;31.756877;0.000100
2;1;-67.402069;36.597931;0.000033
2;3;-68.394763;35.605237;0.000041
3;2;-72.352593;31.647407;0.000103
2;3;-66.244947;37.755053;0.000025
2;1;-66.155651;37.844349;0.000025
2;3;-72.420918;31.579082;0.000104
2;1;-63.635483;40.364517;0.000014
3;2;-72.407674;31.592326;0.000104
2;3;-62.739169;41.260831;0.000011
2;3;-77.284649;26.715351;0.000319
2;1;-71.226749;32.773251;0.000079
2;3;-61.805248;42.194752;0.000009
2;1;-75.695571;28.304429;0.000221
2;3;-62.368128;41.631872;0.000010
3;2;-67.426796;36.573204;0.000033
2;3;-72.900825;31.099175;0.000116
2;1;-78.239598;25.760402;0.000398
2;3;-65.147934;38.852066;0.000020
2;1;-73.428027;30.571973;0.000131
3;2;-67.307330;36.692670;0.000032
2;3;-73.626152;30.373848;0.000138
2;3;-65.092477;38.907523;0.000019
2;1;-71.004785;32.995215;0.000075
2;3;-68.535867;35.464133;0.000043
2;1;-74.917015;29.082985;0.000185
3;2;-59.434484;44.565516;0.000005
2;3;-59.186767;44.813233;0.000005
2;3;-79.104690;24.895310;0.000485
2;1;-77.241227;26.758773;0.000316
2;3;-63.771752;40.228248;0.000014
2;1;-74.991281;29.008719;0.000188
3;2;-72.765178;31.234822;0.000113
2;3;-76.061648;27.938352;0.000241
2;3;-66.394795;37.605205;0.000026
2;1;-71.524569;32.475431;0.000085
2;3;-69.594207;34.405793;0.000054
2;1;-79.655154;24.344846;0.000551
3;2;-59.722721;44.277279;0.000006
2;3;-59.996199;44.003801;0.000006
2;3;-69.252718;34.747282;0.000050
2;1;-85.614155;18.385845;0.000050
2;3;-61.317884;42.682116;0.000008
2;1;-75.882636;28.117364;0.000231
3;2;-72.968116;31.031884;0.000118
2;3;-69.277398;34.722602;0.000051
2;3;-90.355177;13.644823;0.000063
2;1;-70.218386;33.781614;0.000063
2;3;-65.344126;38.655874;0.000020
2;1;-79.573957;24.426043;0.000540
3;2;-70.174493;33.825507;0.000062
2;3;-59.872260;44.127740;0.000006
2;3;-64.647241;39.352759;0.000017
2;1;-75.229626;28.770374;0.000199
2;3;-63.722437;40.277563;0.000014
2;1;-72.536121;31.463879;0.000107
3;2;-72.159720;31.840280;0.000098
2;3;-72.137800;31.862200;0.000098
2;3;-62.594739;41.405261;0.000011
2;1;-70.797200;33.202800;0.000072
2;3;-75.353960;28.646040;0.000205
2;1;-68.174084;35.825916;0.000039
3;2;-59.943487;44.056513;0.000006
2;3;-66.931118;37.068882;0.000029
2;3;-68.783612;35.216388;0.000045
2;1;-73.611267;30.388733;0.000137
2;3;-59.708276;44.291724;0.000006
2;1;-67.336448;36.663552;0.000032
2;3;-77.488566;26.511434;0.000335
3;2;-66.226004;37.773996;0.000025
2;3;-63.973492;40.026508;0.000015
2;1;-70.497066;33.502934;0.000067
2;3;-60.547057;43.452943;0.000007
2;1;-70.872370;33.127630;0.000073
3;2;-68.272133;35.727867;0.000040
2;3;-68.926638;35.073362;0.000047
2;3;-66.253293;37.746707;0.000025
2;1;-72.003706;31.996294;0.000095
2;3;-75.994755;28.005245;0.000237
2;1;-75.168135;28.831865;0.000196
3;2;-62.800690;41.199310;0.000011
2;3;-74.645838;29.354162;0.000174
2;3;-68.740733;35.259267;0.000045
2;1;-68.745897;35.254103;0.000045
2;3;-64.873751;39.126249;0.000018
2;1;-76.935553;27.064447;0.000295
2;3;-88.249047;15.750953;0.000032
3;2;-63.160715;40.839285;0.000041
2;3;-67.349535;36.650465;0.000032
2;1;-68.363778;35.636222;0.000041
2;3;-71.202721;32.797279;0.000079
2;1;-72.110770;31.889230;0.000097
2;3;-69.676452;34.323548;0.000055
3;2;-65.414600;38.585400;0.000021
2;3;-59.235324;44.764676;0.000005
2;1;-70.981016;33.018984;0.000075
2;3;-56.935683;47.064317;0.000003
2;1;-73.620938;30.379062;0.000137
2;3;-68.649663;35.350337;0.000141
3;2;-72.437235;31.562765;0.000025
2;3;-73.722528;30.277472;0.000141
2;1;-66.144644;37.855356;0.000025
2;3;-67.533112;36.466888;0.000034
2;1;-77.962241;26.037759;0.000373
2;3;-72.141970;31.858030;0.000098
3;2;-60.295775;43.704225;0.000006
2;3;-71.831583;32.168417;0.000091
2;1;-81.704838;22.295162;0.000882
2;3;-66.720289;37.279711;0.000028
2;1;-76.886587;27.113413;0.000291
2;3;-63.569510;40.430490;0.000014
3;2;-78.448260;25.551740;0.000417
2;3;-64.932874;39.067126;0.000019
2;1;-74.381519;29.618481;0.000164
2;3;-72.657945;31.342055;0.000110
2;1;-85.476120;18.523880;0.000110
2;3;-72.003585;31.996415;0.000095
3;2;-70.919728;33.080272;0.000074
2;3;-60.297202;43.702798;0.000006
2;1;-68.689033;35.310967;0.000044
2;3;-71.290259;32.709741;0.000080
2;1;-77.283383;26.716617;0.000319
2;3;-63.617160;40.382840;0.000014
3;2;-75.072956;28.927044;0.000192
2;3;-78.628840;25.371160;0.000435
2;1;-76.570119;27.429881;0.000271
2;3;-66.804127;37.195873;0.000029
2;1;-78.392083;25.607917;0.000412
2;3;-66.934075;37.065925;0.000029
3;2;-65.822612;38.177388;0.000023
2;3;-63.023622;40.976378;0.000012
2;1;-71.803475;32.196525;0.000090
2;3;-71.357078;32.642922;0.000082
2;1;-74.118247;29.881753;0.000154
3;2;-64.975067;39.024933;0.000019
2;3;-60.599924;43.400076;0.000007
2;3;-69.360274;34.639726;0.000052
2;1;-80.433175;23.566825;0.000658
2;3;-74.035944;29.964056;0.000151
2;1;-72.347155;31.652845;0.000102
3;2;-62.248323;41.751677;0.000010
2;3;-63.300456;40.699544;0.000013
2;3;-71.105981;32.894019;0.000077
2;1;-68.559616;35.440384;0.000043
2;3;-69.477677;34.522323;0.000053
2;1;-76.937451;27.062549;0.000295
2;3;-63.500940;40.499060;0.000013
3;2;-65.507921;38.492079;0.000021
2;3;-66.765251;37.234749;0.000028
2;1;-67.142753;36.857247;0.000031
2;3;-64.514031;39.485969;0.000017
2;1;-77.632950;26.367050;0.000346
2;3;-69.905842;34.094158;0.000339
3;2;-73.294801;30.705199;0.000371
2;3;-77.548737;26.451263;0.000339
2;1;-77.939682;26.060318;0.000371
2;3;-62.163742;41.836258;0.000010
2;1;-72.822452;31.177548;0.000114
2;3;-67.091928;36.908072;0.000031
3;2;-74.294834;29.705166;0.000160
2;3;-63.184400;40.815600;0.000012
2;1;-68.299235;35.700765;0.000040
2;3;-66.269823;37.730177;0.000025
2;1;-66.245516;37.754484;0.000025
3;2;-66.340185;37.659815;0.000026
2;3;-83.025783;20.974217;0.000795
2;3;-81.251958;22.748042;0.000795
2;1;-67.820159;36.179841;0.000036
2;3;-67.945496;36.054504;0.000037
2;1;-71.044664;32.955336;0.000076
2;3;-71.307684;32.692316;0.000081
3;2;-74.354848;29.645152;0.000163
2;3;-64.549521;39.450479;0.000017
2;1;-65.522466;38.477534;0.000021
2;3;-66.992061;37.007939;0.000030
2;1;-71.310126;32.689874;0.000081
2;3;-64.558712;39.441288;0.000026
3;2;-68.121050;35.878950;0.000031
2;3;-66.382177;37.617823;0.000026
2;1;-67.088881;36.911119;0.000031
2;3;-64.404062;39.595938;0.000016
2;1;-84.826007;19.173993;0.000016
3;2;-66.401190;37.598810;0.000026
2;3;-78.411411;25.588589;0.000414
2;3;-74.298853;29.701147;0.000161
2;1;-76.246034;27.753966;0.000251
2;3;-69.478548;34.521452;0.000053
2;1;-76.417980;27.582020;0.000262
3;2;-74.326297;29.673703;0.000162
2;3;-62.072963;41.927037;0.000010
2;3;-65.892315;38.107685;0.000023
2;1;-72.024990;31.975010;0.000095
2;3;-75.262291;28.737709;0.000200
2;1;-68.912978;35.087022;0.000046
3;2;-68.311661;35.688339;0.000040
2;3;-65.262285;38.737715;0.000020
2;3;-71.321422;32.678578;0.000081
2;1;-74.973770;29.026230;0.000188
2;3;-78.800607;25.199393;0.000452
2;1;-74.347761;29.652239;0.000162
3;2;-74.888165;29.111835;0.000184
2;3;-61.010427;42.989573;0.000008
2;3;-71.353211;32.646789;0.000082
2;1;-64.061218;39.938782;0.000015
2;3;-72.201625;31.798375;0.000099
2;1;-74.352740;29.647260;0.000163
2;3;-64.630747;39.369253;0.000017
3;2;-69.699742;34.300258;0.000056
2;3;-66.658430;37.341570;0.000028
2;1;-76.737860;27.262140;0.000282
2;3;-70.531489;33.468511;0.000067
2;1;-72.923653;31.076347;0.000117
3;2;-62.811396;41.188604;0.000011
2;3;-70.461547;33.538453;0.000066
2;3;-67.689106;36.310894;0.000035
2;1;-71.031641;32.968359;0.000076
2;3;-67.198049;36.801951;0.000031
2;1;-84.522509;19.477491;0.000031
3;2;-62.121026;41.878974;0.000010
2;3;-68.970727;35.029273;0.000047
2;3;-61.169969;42.830031;0.000008
2;1;-78.381133;25.618867;0.000411
2;3;-71.320985;32.679015;0.000081
2;1;-77.704023;26.295977;0.000352
3;2;-62.384404;41.615596;0.000010
2;3;-72.829432;31.170568;0.000115
2;3;-80.118654;23.881346;0.000613
2;1;-72.865733;31.134267;0.000115
2;3;-75.988835;28.011165;0.000237
2;1;-82.790391;21.209609;0.000237
3;2;-68.877698;35.122302;0.000046
2;3;-64.538895;39.461105;0.000017
2;3;-71.797297;32.202703;0.000090
2;1;-70.748594;33.251406;0.000071
2;3;-68.694087;35.305913;0.000044
2;1;-65.720991;38.279009;0.000022
3;2;-67.259469;36.740531;0.000032
2;3;-68.242872;35.757128;0.000040
2;3;-72.158074;31.841926;0.000098
2;1;-80.997447;23.002553;0.000750
2;3;-72.948870;31.051130;0.000118
2;1;-72.604520;31.395480;0.000109
2;3;-71.486814;32.513186;0.000084
3;2;-69.958893;34.041107;0.000059
2;3;-68.151064;35.848936;0.000039
2;1;-83.659503;20.340497;0.000039
2;3;-71.955215;32.044785;0.000094
2;1;-74.832844;29.167156;0.000182
2;3;-75.147606;28.852394;0.000195
3;2;-71.839317;32.160683;0.000091
2;3;-65.303564;38.696436;0.000020
2;1;-73.564019;30.435981;0.000136
2;3;-64.163851;39.836149;0.000016
2;1;-70.345077;33.654923;0.000065
2;3;-78.650458;25.349542;0.000437
3;2;-75.918642;28.081358;0.000233
2;3;-71.444743;32.555257;0.000083
2;1;-70.068819;33.931181;0.000061
2;3;-61.154506;42.845494;0.000008
2;1;-73.027802;30.972198;0.000120
2;3;-77.439558;26.560442;0.000331
3;2;-75.459695;28.540305;0.000210
2;3;-70.520704;33.479296;0.000067
2;1;-73.996350;30.003650;0.000150
2;3;-74.835191;29.164809;0.000182
2;1;-80.519106;23.480894;0.000672
3;2;-73.210319;30.789681;0.000125
2;3;-68.056049;35.943951;0.000038
2;3;-66.266645;37.733355;0.000025
2;1;-75.336971;28.663029;0.000204
2;3;-65.053894;38.946106;0.000019
2;1;-73.529877;30.470123;0.000135
2;3;-77.540550;26.459450;0.000339
3;2;-69.522619;34.477381;0.000053
2;3;-71.662002;32.337998;0.000053
2;1;-82.666311;21.333689;0.000088
2;3;-67.835341;36.164659;0.000036
2;1;-72.303547;31.696453;0.000101
3;2;-74.488453;29.511547;0.000168
2;3;-71.429584;32.570416;0.000083
2;3;-67.209678;36.790322;0.000031
2;1;-65.757640;38.242360;0.000022
2;3;-69.381217;34.618783;0.000052
2;1;-77.436431;26.563569;0.000331
2;3;-69.619200;34.380800;0.000055
3;2;-73.278952;30.721048;0.000127
2;3;-73.254984;30.745016;0.000126
2;1;-74.494149;29.505851;0.000168
2;3;-73.074499;30.925501;0.000121
2;1;-81.127404;22.872596;0.000772
2;3;-80.453672;23.546328;0.000662
3;2;-67.817048;36.182952;0.000036
2;3;-67.691043;36.308957;0.000035
2;1;-77.366356;26.633644;0.000325
2;3;-66.960277;37.039723;0.000030
2;1;-78.789498;25.210502;0.000451
2;3;-69.570128;34.429872;0.000054
3;2;-69.263106;34.736894;0.000050
2;3;-80.998964;23.001036;0.000750
2;1;-71.091566;32.908434;0.000077
2;3;-77.218501;26.781499;0.000314
2;1;-67.844237;36.155763;0.000036
3;2;-72.302508;31.697492;0.000101
2;3;-74.026138;29.973862;0.000151
2;3;-60.441556;43.558444;0.000007
2;1;-73.647560;30.352440;0.000138
2;3;-78.910140;25.089860;0.000464
2;1;-73.761940;30.238060;0.000142
3;2;-78.358296;25.641704;0.000409
2;3;-70.007260;33.992740;0.000060
2;3;-81.695427;22.304573;0.000880
2;1;-71.798616;32.201384;0.000090
2;3;-67.265874;36.734126;0.000032
2;1;-82.494819;21.505181;0.000032
2;3;-71.144174;32.855826;0.000078
3;2;-75.459135;28.540865;0.000210
2;3;-80.780972;23.219028;0.000713
2;1;-74.775256;29.224744;0.000179
2;3;-72.803789;31.196211;0.000114
2;1;-75.632926;28.367074;0.000218
3;2;-72.199748;31.800252;0.000099
2;3;-81.773450;22.226550;0.000896
2;3;-65.801359;38.198641;0.000023
2;1;-72.032364;31.967636;0.000095
2;3;-64.585673;39.414327;0.000017
2;1;-73.318082;30.681918;0.000128
2;3;-75.371227;28.628773;0.000206
3;2;-73.580339;30.419661;0.000136
2;3;-64.671533;39.328467;0.000018
2;1;-75.885776;28.114224;0.000231
2;3;-79.932190;24.067810;0.000587
2;1;-74.805371;29.194629;0.000180
3;2;-68.270794;35.729206;0.000040
2;3;-69.885370;34.114630;0.000058
2;3;-68.300427;35.699573;0.000040
2;1;-76.141906;27.858094;0.000245
2;3;-83.710017;20.289983;0.000103
2;1;-72.351748;31.648252;0.000103
3;2;-70.351809;33.648191;0.000065
2;3;-76.617109;27.382891;0.000274
2;3;-74.304934;29.695066;0.000161
2;1;-69.105113;34.894887;0.000049
2;3;-69.085802;34.914198;0.000048
2;1;-72.312291;31.687709;0.000102
3;2;-74.249651;29.750349;0.000159
2;3;-68.312597;35.687403;0.000040
2;3;-69.857287;34.142713;0.000058
2;1;-80.619719;23.380281;0.000687
2;3;-71.522495;32.477505;0.000085
2;1;-67.014495;36.985505;0.000030
3;2;-68.020809;35.979191;0.000038
2;3;-71.792859;32.207141;0.000090
2;3;-70.770129;33.229871;0.000071
2;1;-78.046826;25.953174;0.000380
2;3;-76.203560;27.796440;0.000249
2;1;-73.711786;30.288214;0.000140
2;3;-72.753745;31.246255;0.000113
3;2;-75.044785;28.955215;0.000191
2;3;-67.073977;36.926023;0.000030
2;1;-70.971272;33.028728;0.000075
2;3;-70.713843;33.286157;0.000070
2;1;-81.401379;22.598621;0.000823
3;2;-70.270100;33.729900;0.000064
2;3;-73.787768;30.212232;0.000143
2;3;-64.736907;39.263093;0.000018
2;1;-77.484065;26.515935;0.000334
2;3;-65.548759;38.451241;0.000021
2;1;-75.576820;28.423180;0.000216
2;3;-74.500584;29.499416;0.000168
3;2;-75.574587;28.425413;0.000215
2;3;-79.998785;24.001215;0.000596
2;1;-73.340870;30.659130;0.000129
2;3;-75.998113;28.001887;0.000237
2;1;-68.892384;35.107616;0.000046
3;2;-70.486222;33.513778;0.000067
2;3;-74.919217;29.080783;0.000185
2;3;-71.229716;32.770284;0.000079
2;1;-75.032533;28.967467;0.000190
2;3;-72.909106;31.090894;0.000117
2;1;-82.846357;21.153643;0.000117
2;3;-71.896140;32.103860;0.000092
3;2;-67.809846;36.190154;0.000036
2;3;-73.733458;30.266542;0.000141
2;1;-83.297893;20.702107;0.000141
2;3;-75.379005;28.620995;0.000206
2;1;-74.455861;29.544139;0.000167
2;3;-87.268951;16.731049;0.000038
3;2;-66.075441;37.924559;0.000059
2;3;-68.044415;35.955585;0.000038
2;1;-69.972941;34.027059;0.000059
2;3;-69.833438;34.166562;0.000057
2;1;-66.667769;37.332231;0.000028
2;3;-70.267419;33.732581;0.000063
3;2;-74.829140;29.170860;0.000181
2;3;-75.300478;28.699522;0.000202
2;1;-71.287926;32.712074;0.000080
2;3;-76.687034;27.312966;0.000278
2;1;-65.797588;38.202412;0.000023
3;2;-67.247814;36.752186;0.000032
2;3;-70.371296;33.628704;0.000065
2;3;-63.911628;40.088372;0.000015
2;1;-73.603295;30.396705;0.000137
2;3;-70.132931;33.867069;0.000062
2;1;-68.981121;35.018879;0.000047
2;3;-66.129471;37.870529;0.000024
3;2;-75.863831;28.136169;0.000230
2;3;-74.761543;29.238457;0.000230
2;1;-82.125191;21.874809;0.000179
2;3;-68.597237;35.402763;0.000043
2;1;-78.805031;25.194969;0.000453
2;3;-69.802472;34.197528;0.000057
3;2;-66.501765;37.498235;0.000027
2;3;-70.439368;33.560632;0.000066
2;1;-73.529060;30.470940;0.000135
2;3;-69.951628;34.048372;0.000059
2;1;-76.587201;27.412799;0.000272
2;3;-64.762021;39.237979;0.000018
3;2;-79.006728;24.993272;0.000474
2;3;-73.134836;30.865164;0.000123
2;1;-76.794483;27.205517;0.000285
2;3;-74.751202;29.248798;0.000178
2;1;-73.711492;30.288508;0.000140
2;3;-75.072466;28.927534;0.000192
3;2;-69.703802;34.296198;0.000056
2;3;-83.707928;20.292072;0.000291
2;1;-76.877130;27.122870;0.000291
2;3;-70.222116;33.777884;0.000063
2;1;-68.306047;35.693953;0.000040
2;3;-62.085245;41.914755;0.000010
3;2;-75.784630;28.215370;0.000226
2;3;-67.607396;36.392604;0.000034
2;1;-63.860068;40.139932;0.000015
2;3;-80.454075;23.545925;0.000662
2;1;-69.661120;34.338880;0.000055
3;2;-85.196356;18.803644;0.000339
2;3;-71.379683;32.620317;0.000061
2;3;-77.545822;26.454178;0.000339
2;1;-70.084947;33.915053;0.000061
2;3;-76.757424;27.242576;0.000283
2;1;-82.479699;21.520301;0.000283
2;3;-75.329444;28.670556;0.000204
3;2;-69.279193;34.720807;0.000051
2;3;-78.190852;25.809148;0.000393
2;1;-79.949508;24.050492;0.000589
2;3;-65.003405;38.996595;0.000019
2;1;-74.218997;29.781003;0.000158
2;3;-67.316329;36.683671;0.000032
3;2;-72.058572;31.941428;0.000096
2;3;-68.785270;35.214730;0.000045
2;1;-79.463080;24.536920;0.000527
2;3;-72.981469;31.018531;0.000119
2;1;-72.909375;31.090625;0.000117
3;2;-80.592524;23.407476;0.000683
2;3;-71.377900;32.622100;0.000082
2;3;-82.381728;21.618272;0.000466
2;1;-78.931169;25.068831;0.000466
2;3;-77.888718;26.111282;0.000367
2;1;-64.023152;39.976848;0.000015
3;2;-64.220258;39.779742;0.000016
2;3;-66.220699;37.779301;0.000025
2;3;-70.201462;33.798538;0.000063
2;1;-76.575914;27.424086;0.000271
2;3;-72.691166;31.308834;0.000111
2;1;-67.054799;36.945201;0.000030
2;3;-68.894916;35.105084;0.000046
3;2;-67.443493;36.556507;0.000033
2;3;-68.926821;35.073179;0.000047
2;1;-73.699759;30.300241;0.000140
2;3;-79.991766;24.008234;0.000595
2;1;-71.552677;32.447323;0.000085
2;3;-64.272752;39.727248;0.000016
3;2;-70.808735;33.191265;0.000072
2;3;-68.545507;35.454493;0.000043
2;1;-65.668665;38.331335;0.000022
2;3;-73.734318;30.265682;0.000141
2;1;-71.444118;32.555882;0.000083
2;3;-75.584034;28.415966;0.000216
3;2;-90.549059;13.450941;0.000145
2;3;-73.842941;30.157059;0.000145
2;1;-80.841077;23.158923;0.000723
2;3;-73.796909;30.203091;0.000143
2;1;-99.901706;4.098294;0.000143
2;3;-77.102325;26.897675;0.000306
3;2;-66.491959;37.508041;0.000027
2;3;-74.963752;29.036248;0.000187
2;1;-73.307008;30.692992;0.000128
2;3;-67.841200;36.158800;0.000036
2;1;-76.269508;27.730492;0.000253
2;3;-67.826158;36.173842;0.000173
3;2;-68.792547;35.207453;0.000075
2;3;-74.609806;29.390194;0.000173
2;1;-70.993121;33.006879;0.000075
2;3;-73.844130;30.155870;0.000145
2;1;-74.427177;29.572823;0.000165
3;2;-71.991676;32.008324;0.000094
2;3;-78.425100;25.574900;0.000415
2;3;-69.571184;34.428816;0.000054
2;1;-72.675233;31.324767;0.000111
2;3;-85.206930;18.793070;0.000039
2;1;-68.100776;35.899224;0.000039
2;3;-71.680554;32.319446;0.000824
3;2;-70.257348;33.742652;0.000216
2;3;-81.406643;22.593357;0.000824
2;1;-75.592668;28.407332;0.000216
2;3;-71.230829;32.769171;0.000079
2;1;-67.707018;36.292982;0.000035
2;3;-78.668073;25.331927;0.000387
3;2;-68.788946;35.211054;0.000054
2;3;-78.118601;25.881399;0.000387
2;1;-69.577997;34.422003;0.000054
2;3;-76.721982;27.278018;0.000280
2;1;-81.111049;22.888951;0.000769
3;2;-71.484083;32.515917;0.000084
2;3;-79.731354;24.268646;0.000560
2;3;-73.894499;30.105501;0.000146
2;1;-68.528230;35.471770;0.000043
2;3;-76.016353;27.983647;0.000238
2;1;-73.629174;30.370826;0.000138
2;3;-76.213773;27.786227;0.000250
3;2;-78.244901;25.755099;0.000398
2;3;-76.543440;27.456560;0.000269
2;1;-83.945392;20.054608;0.000269
2;3;-65.154358;38.845642;0.000020
2;1;-70.087172;33.912828;0.000061
3;2;-73.197998;30.802002;0.000125
2;3;-73.230052;30.769948;0.000126
2;3;-71.413349;32.586651;0.000083
2;1;-82.432486;21.567514;0.000083
2;3;-70.645367;33.354633;0.000069
2;1;-80.208393;23.791607;0.000625
3;2;-72.821760;31.178240;0.000114
2;3;-71.374151;32.625849;0.000082
2;3;-67.371164;36.628836;0.000033
2;1;-69.320972;34.679028;0.000051
2;3;-70.766646;33.233354;0.000071
2;1;-80.580671;23.419329;0.000681
2;3;-75.624192;28.375808;0.000218
3;2;-81.152416;22.847584;0.000777
2;3;-66.828196;37.171804;0.000029
2;1;-75.250564;28.749436;0.000200
2;3;-72.832728;31.167272;0.000115
2;1;-80.191275;23.808725;0.000623
3;2;-67.101241;36.898759;0.000031
2;3;-78.976393;25.023607;0.000471
2;3;-68.185835;35.814165;0.000039
2;1;-83.396251;20.603749;0.000039
2;3;-75.417659;28.582341;0.000208
2;1;-73.562543;30.437457;0.000136
2;3;-78.116460;25.883540;0.000387
3;2;-63.100291;40.899709;0.000012
2;3;-73.047514;30.952486;0.000120
2;1;-70.900987;33.099013;0.000073
2;3;-78.786132;25.213868;0.000451
2;1;-74.439404;29.560596;0.000166
3;2;-69.353589;34.646411;0.000051
2;3;-80.374802;23.625198;0.000650
2;3;-68.761859;35.238141;0.000045
2;1;-79.280443;24.719557;0.000505
2;3;-74.218445;29.781555;0.000158
2;1;-73.752887;30.247113;0.000142
2;3;-63.210808;40.789192;0.000013
3;2;-73.565433;30.434567;0.000136
2;3;-76.451975;27.548025;0.000264
2;1;-82.130310;21.869690;0.000264
2;3;-67.416046;36.583954;0.000033
2;1;-74.615071;29.384929;0.000173
2;3;-74.443873;29.556127;0.000166
3;2;-68.696778;35.303222;0.000044
2;3;-75.187536;28.812464;0.000197
2;1;-66.437311;37.562689;0.000026
2;3;-75.569219;28.430781;0.000215
2;1;-78.317546;25.682454;0.000405
3;2;-69.985819;34.014181;0.000060
2;3;-68.974651;35.025349;0.000047
2;3;-72.584796;31.415204;0.000108
2;1;-74.255472;29.744528;0.000159
2;3;-81.559788;22.440212;0.000853
2;1;-72.167663;31.832337;0.000098
3;2;-74.015230;29.984770;0.000150
2;3;-67.410214;36.589786;0.000033
2;3;-73.998602;30.001398;0.000150
2;1;-75.145543;28.854457;0.000195
2;3;-73.290220;30.709780;0.000127
2;1;-77.352253;26.647747;0.000324
2;3;-68.482768;35.517232;0.000042
3;2;-73.289077;30.710923;0.000127
2;3;-71.619108;32.380892;0.000087
2;1;-78.715465;25.284535;0.000444
2;3;-71.402753;32.597247;0.000082
2;1;-66.284064;37.715936;0.000025
3;2;-70.276438;33.723562;0.000064
2;3;-69.415409;34.584591;0.000052
2;3;-68.138173;35.861827;0.000039
2;1;-73.127903;30.872097;0.000123
2;3;-75.274148;28.725852;0.000201
2;1;-74.915826;29.084174;0.000185
2;3;-72.751410;31.248590;0.000268
3;2;-73.386286;30.613714;0.000151
2;3;-76.520860;27.479140;0.000268
2;1;-74.021271;29.978729;0.000151
2;3;-79.819582;24.180418;0.000572
2;1;-72.611652;31.388348;0.000109
3;2;-73.362706;30.637294;0.000129
2;3;-76.990140;27.009860;0.000298
2;3;-78.071607;25.928393;0.000383
2;1;-79.465728;24.534272;0.000527
2;3;-80.322434;23.677566;0.000642
2;1;-70.946777;33.053223;0.000074
2;3;-67.108901;36.891099;0.000031
3;2;-71.674605;32.325395;0.000088
2;3;-71.588717;32.411283;0.000086
2;1;-76.420285;27.579715;0.000262
2;3;-77.391808;26.608192;0.000327
2;1;-68.292901;35.707099;0.000040
2;3;-80.461895;23.538105;0.000663
3;2;-65.667621;38.332379;0.000022
2;3;-76.601733;27.398267;0.000273
2;1;-71.703699;32.296301;0.000088
2;3;-68.004993;35.995007;0.000038
2;1;-71.670430;32.329570;0.000088
2;3;-79.825742;24.174258;0.000573
3;2;-75.141466;28.858534;0.000195
2;3;-73.758688;30.241312;0.000142
2;1;-66.342387;37.657613;0.000026
2;3;-76.013283;27.986717;0.000238
2;1;-65.459224;38.540776;0.000021
3;2;-72.552450;31.447550;0.000107
2;3;-76.397886;27.602114;0.000260
2;3;-68.771495;35.228505;0.000045
2;1;-80.512307;23.487693;0.000671
2;3;-68.519384;35.480616;0.000042
2;1;-72.755206;31.244794;0.000113
2;3;-82.623335;21.376665;0.000248
3;2;-70.756608;33.243392;0.000243
2;3;-76.187282;27.812718;0.000248
2;1;-76.105647;27.894353;0.000243
2;3;-74.597732;29.402268;0.000172
2;1;-75.535236;28.464764;0.000213
2;3;-74.907022;29.092978;0.000185
3;2;-70.043008;33.956992;0.000060
2;3;-70.571962;33.428038;0.000068
2;1;-68.201364;35.798636;0.000039
2;3;-67.953989;36.046011;0.000037
2;1;-69.071388;34.928612;0.000048
3;2;-74.824329;29.175671;0.000181
2;3;-76.897576;27.102424;0.000292
2;3;-74.396610;29.603390;0.000164
2;1;-74.703883;29.296117;0.000176
2;3;-76.363920;27.636080;0.000258
2;1;-72.733247;31.266753;0.000112
3;2;-61.682222;42.317778;0.000009
2;3;-65.700155;38.299845;0.000022
2;3;-70.492127;33.507873;0.000067
2;1;-70.384806;33.615194;0.000065
2;3;-83.440402;20.559598;0.000017
2;1;-64.633823;39.366177;0.000017
2;3;-72.562480;31.437520;0.000108
3;2;-69.842139;34.157861;0.000058
2;3;-63.745769;40.254231;0.000014
2;1;-72.757469;31.242531;0.000113
2;3;-71.749661;32.250339;0.000089
2;1;-72.044412;31.955588;0.000096
3;2;-65.170945;38.829055;0.000020
2;3;-87.889949;16.110051;0.000087
2;3;-71.646636;32.353364;0.000087
2;1;-78.387943;25.612057;0.000411
2;3;-73.867193;30.132807;0.000145
2;1;-68.226919;35.773081;0.000040
3;2;-76.027074;27.972926;0.000239
2;3;-81.607003;22.392997;0.000862
2;3;-77.509807;26.490193;0.000336
2;1;-80.844936;23.155064;0.000724
2;3;-69.241977;34.758023;0.000050
2;1;-72.434033;31.565967;0.000105
3;2;-69.476304;34.523696;0.000053
2;3;-84.006095;19.993905;0.000197
2;3;-75.177716;28.822284;0.000197
2;1;-74.745854;29.254146;0.000178
2;3;-79.432562;24.567438;0.000523
2;1;-74.486887;29.513113;0.000168
2;3;-70.841752;33.158248;0.000072
3;2;-65.741086;38.258914;0.000022
2;3;-73.330308;30.669692;0.000129
2;1;-79.612371;24.387629;0.000545
2;3;-80.190782;23.809218;0.000623
2;1;-82.120626;21.879374;0.000623
3;2;-75.376460;28.623540;0.000206
2;3;-81.868108;22.131892;0.000916
2;3;-79.336257;24.663743;0.000512
2;1;-74.882948;29.117052;0.000184
2;3;-74.849031;29.150969;0.000182
2;1;-63.830048;40.169952;0.000014
2;3;-72.187241;31.812759;0.000018
3;2;-65.429300;38.570700;0.000138
2;3;-64.689124;39.310876;0.000018
2;1;-73.646144;30.353856;0.000138
2;3;-74.372835;29.627165;0.000163
2;1;-69.496823;34.503177;0.000053
2;3;-75.050523;28.949477;0.000071
3;2;-72.462292;31.537708;0.000467
2;3;-70.752660;33.247340;0.000071
2;1;-78.939830;25.060170;0.000467
2;3;-70.824581;33.175419;0.000072
2;1;-70.312548;33.687452;0.000064
3;2;-70.076732;33.923268;0.000061
2;3;-69.717195;34.282805;0.000056
2;3;-76.933175;27.066825;0.000294
2;1;-78.135650;25.864350;0.000388
2;3;-68.362056;35.637944;0.000041
2;1;-80.675213;23.324787;0.000696
3;2;-74.857923;29.142077;0.000183
2;3;-72.999307;31.000693;0.000119
2;3;-68.901684;35.098316;0.000046
2;1;-70.577744;33.422256;0.000068
2;3;-65.142172;38.857828;0.000020
2;1;-69.315236;34.684764;0.000051
2;3;-69.799198;34.200802;0.000057
3;2;-67.440976;36.559024;0.000033
2;3;-65.840303;38.159697;0.000023
2;1;-71.999649;32.000351;0.000095
2;3;-74.618342;29.381658;0.000173
2;1;-74.267979;29.732021;0.000159
2;3;-71.572619;32.427381;0.000086
3;2;-67.098022;36.901978;0.000031
2;3;-73.235466;30.764534;0.000126
2;1;-67.649570;36.350430;0.000035
2;3;-65.627709;38.372291;0.000022
2;1;-75.522189;28.477811;0.000213
2;3;-70.644913;33.355087;0.000069
3;2;-75.275845;28.724155;0.000201
2;3;-71.994700;32.005300;0.000095
2;1;-79.183594;24.816406;0.000494
2;3;-68.826499;35.173501;0.000046
2;1;-69.901424;34.098576;0.000058
2;3;-72.033366;31.966634;0.000095
3;2;-73.487817;30.512183;0.000133
2;3;-67.980173;36.019827;0.000038
2;1;-72.222829;31.777171;0.000100
2;3;-78.962600;25.037400;0.000470
2;1;-70.323169;33.676831;0.000064
3;2;-80.837997;23.162003;0.000723
2;3;-78.844797;25.155203;0.000457
2;3;-82.443844;21.556156;0.000202
2;1;-75.286128;28.713872;0.000202
2;3;-71.322829;32.677171;0.000081
2;1;-69.984045;34.015955;0.000059
3;2;-72.357702;31.642298;0.000103
2;3;-67.441104;36.558896;0.000033
2;3;-79.941552;24.058448;0.000588
2;1;-73.636362;30.363638;0.000138
2;3;-81.585056;22.414944;0.000858
2;1;-63.943782;40.056218;0.000015
3;2;-73.422949;30.577051;0.000131
2;3;-71.059199;32.940801;0.000076
2;3;-68.688955;35.311045;0.000044
2;1;-88.672666;15.327334;0.000044
2;3;-71.572056;32.427944;0.000086
2;1;-73.355743;30.644257;0.000129
2;3;-76.405941;27.594059;0.000261
3;2;-73.395565;30.604435;0.000130
2;3;-71.796351;32.203649;0.000090
2;1;-79.322860;24.677140;0.000510
2;3;-74.420456;29.579544;0.000165
2;1;-67.504924;36.495076;0.000034
2;3;-67.821972;36.178028;0.000326
3;2;-72.316425;31.683575;0.000063
2;3;-77.379593;26.620407;0.000326
2;1;-70.245802;33.754198;0.000063
2;3;-71.397638;32.602362;0.000082
2;1;-70.397845;33.602155;0.000065
2;3;-64.320744;39.679256;0.000016
3;2;-75.314184;28.685816;0.000203
2;3;-73.429506;30.570494;0.000131
2;1;-74.135132;29.864868;0.000155
2;3;-67.736418;36.263582;0.000035
2;1;-72.734688;31.265312;0.000112
2;3;-66.578320;37.421680;0.000027
3;2;-74.593303;29.406697;0.000172
2;3;-73.952440;30.047560;0.000148
2;1;-68.503728;35.496272;0.000042
2;3;-68.277526;35.722474;0.000040
2;1;-66.783976;37.216024;0.000028
3;2;-80.185828;23.814172;0.000622
2;3;-69.420417;34.579583;0.000052
2;3;-66.774218;37.225782;0.000028
2;1;-72.126573;31.873427;0.000097
2;3;-68.803018;35.196982;0.000045
2;1;-75.635694;28.364306;0.000218
2;3;-69.636379;34.363621;0.000055
3;2;-76.346980;27.653020;0.000257
2;3;-72.740218;31.259782;0.000112
2;1;-76.808705;27.191295;0.000286
2;3;-64.914454;39.085546;0.000019
2;1;-73.510943;30.489057;0.000134
3;2;-80.615641;23.384359;0.000687
2;3;-74.789924;29.210076;0.000180
2;3;-67.851017;36.148983;0.000036
2;1;-72.684351;31.315649;0.000111
2;3;-70.676564;33.323436;0.000070
2;1;-75.473631;28.526369;0.000210
3;2;-71.227409;32.772591;0.000079
2;3;-73.215892;30.784108;0.000125
2;3;-87.140870;16.859130;0.000079
2;1;-90.066816;13.933184;0.000125
2;3;-74.364289;29.635711;0.000163
2;1;-73.390566;30.609434;0.000130
2;3;-78.916841;25.083159;0.000465
3;2;-76.949320;27.050680;0.000296
2;3;-70.707000;33.293000;0.000070
2;1;-79.175326;24.824674;0.000493
2;3;-70.201351;33.798649;0.000063
2;1;-80.919993;23.080007;0.000736
3;2;-67.142917;36.857083;0.000031
2;3;-70.614307;33.385693;0.000069
2;3;-71.115096;32.884904;0.000077
2;1;-72.350647;31.649353;0.000103
2;3;-72.030021;31.969979;0.000095
2;1;-79.182058;24.817942;0.000494
2;3;-74.477507;29.522493;0.000167
3;2;-78.719959;25.280041;0.000444
2;3;-69.779052;34.220948;0.000057
2;1;-71.267981;32.732019;0.000080
2;3;-67.811310;36.188690;0.000036
2;1;-76.077164;27.922836;0.000242
3;2;-72.401038;31.598962;0.000104
2;3;-77.461542;26.538458;0.000333
2;3;-77.091051;26.908949;0.000305
2;1;-83.409071;20.590929;0.000305
2;3;-70.758484;33.241516;0.000071
2;1;-73.232915;30.767085;0.000126
3;2;-68.625803;35.374197;0.000044
2;3;-67.495864;36.504136;0.000034
2;3;-76.085189;27.914811;0.000242
2;1;-74.156784;29.843216;0.000155
2;3;-67.909758;36.090242;0.000037
2;1;-70.299578;33.700422;0.000064
3;2;-68.579840;35.420160;0.000043
2;3;-77.334359;26.665641;0.000323
2;3;-65.240190;38.759810;0.000020
2;1;-64.932983;39.067017;0.000019
2;3;-70.502846;33.497154;0.000067
2;1;-83.439508;20.560492;0.000067
3;2;-69.495618;34.504382;0.000053
2;3;-70.326095;33.673905;0.000064
2;3;-75.104871;28.895129;0.000193
2;1;-75.170023;28.829977;0.000196
2;3;-69.543806;34.456194;0.000054
2;1;-65.141273;38.858727;0.000020
2;3;-74.978170;29.021830;0.000188
3;2;-70.474216;33.525784;0.000067
2;3;-72.268854;31.731146;0.000101
2;1;-64.278735;39.721265;0.000016
2;3;-74.147178;29.852822;0.000155
2;1;-70.684887;33.315113;0.000070
3;2;-67.701857;36.298143;0.000035
2;3;-69.217512;34.782488;0.000050
2;3;-78.293143;25.706857;0.000403
2;1;-70.482065;33.517935;0.000067
2;3;-76.721200;27.278800;0.000280
2;1;-66.481625;37.518375;0.000027
3;2;-65.383624;38.616376;0.000021
2;3;-76.985356;27.014644;0.000298
2;3;-76.215579;27.784421;0.000250
2;1;-74.830866;29.169134;0.000182
2;3;-71.717769;32.282231;0.000089
2;1;-71.310699;32.689301;0.000081
3;2;-70.825994;33.174006;0.000072
2;3;-80.941499;23.058501;0.000740
2;3;-77.217731;26.782269;0.000314
2;1;-68.000069;35.999931;0.000038
2;3;-79.077180;24.922820;0.000482
2;1;-64.012556;39.987444;0.000015
3;2;-67.153422;36.846578;0.000031
2;3;-76.083216;27.916784;0.000242
2;3;-70.500838;33.499162;0.000067
2;1;-75.701769;28.298231;0.000222
2;3;-82.263789;21.736211;0.000141
2;1;-73.733249;30.266751;0.000141
2;3;-65.280631;38.719369;0.000020
3;2;-78.582468;25.417532;0.000430
2;3;-76.760474;27.239526;0.000283
2;1;-79.414525;24.585475;0.000521
2;3;-68.729594;35.270406;0.000045
2;1;-61.121911;42.878089;0.000008
2;3;-74.427201;29.572799;0.000165
3;2;-72.458937;31.541063;0.000105
2;3;-67.157864;36.842136;0.000031
2;1;-78.486075;25.513925;0.000421
2;3;-65.307312;38.692688;0.000020
2;1;-73.435102;30.564898;0.000132
2;3;-72.109924;31.890076;0.000097
3;2;-68.825530;35.174470;0.000046
2;3;-77.610798;26.389202;0.000344
2;1;-69.858082;34.141918;0.000058
2;3;-70.648776;33.351224;0.000069
2;1;-71.055850;32.944150;0.000076
2;3;-62.941371;41.058629;0.000012
3;2;-66.502320;37.497680;0.000027
2;3;-74.854038;29.145962;0.000182
2;1;-77.134384;26.865616;0.000308
2;3;-74.701682;29.298318;0.000176
2;1;-75.925916;28.074084;0.000234
3;2;-70.916160;33.083840;0.000074
2;3;-62.586596;41.413404;0.000011
2;3;-74.637899;29.362101;0.000174
2;1;-78.247000;25.753000;0.000398
2;3;-78.178230;25.821770;0.000392
2;1;-70.532519;33.467481;0.000067
2;3;-68.939471;35.060529;0.000047
3;2;-76.118435;27.881565;0.000244
2;3;-69.352490;34.647510;0.000051
2;1;-69.626471;34.373529;0.000055
2;3;-70.639658;33.360342;0.000069
2;1;-71.712589;32.287411;0.000089
2;3;-75.253848;28.746152;0.000200
3;2;-70.544450;33.455550;0.000068
2;3;-78.343585;25.656415;0.000407
2;1;-72.062442;31.937558;0.000096
2;3;-63.828391;40.171609;0.000014
2;1;-80.976381;23.023619;0.000746
3;2;-76.549872;27.450128;0.000270
2;3;-73.358916;30.641084;0.000129
2;3;-81.052323;22.947677;0.000759
2;1;-70.892703;33.107297;0.000073
2;3;-73.596243;30.403757;0.000137
2;1;-77.597450;26.402550;0.000343
2;3;-74.122176;29.877824;0.000154
3;2;-66.959228;37.040772;0.000030
2;3;-75.836213;28.163787;0.000229
2;1;-72.425565;31.574435;0.000104
2;3;-79.086745;24.913255;0.000483
2;1;-86.969356;17.030644;0.000483
3;2;-67.491468;36.508532;0.000034
2;3;-68.323061;35.676939;0.000041
2;3;-76.497312;27.502688;0.000266
2;1;-75.600523;28.399477;0.000217
2;3;-77.147188;26.852812;0.000309
2;1;-77.817990;26.182010;0.000361
2;3;-75.857923;28.142077;0.000230
3;2;-67.833234;36.166766;0.000036
2;3;-62.548672;41.451328;0.000011
2;1;-77.993675;26.006325;0.000376
2;3;-74.241212;29.758788;0.000158
2;1;-77.335724;26.664276;0.000323
2;3;-72.169972;31.830028;0.000098
3;2;-75.782169;28.217831;0.000226
2;3;-74.072306;29.927694;0.000152
2;1;-70.113723;33.886277;0.000061
2;3;-75.476108;28.523892;0.000211
2;1;-71.008733;32.991267;0.000075
2;3;-65.298580;38.701420;0.000020
3;2;-70.544423;33.455577;0.000068